0.37798199057579
0.369093060493469
0.67436146736145
0.26420858502388
0.594082355499268
0.482270181179047
0.490608185529709
0.500477731227875
0.467685788869858
0.570143580436707
0.57061493396759
0.434007674455643
0.509774327278137
0.437318354845047
0.398118913173676
0.339446932077408
0.523858487606049
0.630357623100281
0.60257613658905
0.314038932323456
0.569447815418243
0.379117131233215
0.628647565841675
0.745533108711243
0.517979979515076
0.507419168949127
0.300815671682358
0.605833828449249
0.401592493057251
0.611177563667297
0.582846760749817
0.501914858818054
0.554462432861328
0.569104850292206
0.453681230545044
0.468756020069122
0.580502212047577
0.27603679895401
0.600911200046539
0.394423425197601
0.482504516839981
0.539446711540222
0.647143959999084
0.404562503099442
0.529468238353729
0.593472301959991
0.531813621520996
0.357201665639877
0.582472383975983
0.661542892456055
0.557912468910217
0.574801325798035
0.48439359664917
0.49030876159668
0.547692894935608
0.498211443424225
0.498410493135452
0.503565192222595
0.485471814870834
0.529357254505157
0.657444536685944
0.43279305100441
0.578358173370361
0.658762812614441
0.657059848308563
0.540145695209503
0.632055044174194
0.525475323200226
0.580105543136597
0.684568166732788
0.575328588485718
0.654042840003967
0.589889526367188
0.746358275413513
0.519376277923584
0.573755264282227
0.552134454250336
0.576889991760254
0.542616009712219
0.482822358608246
0.458678930997849
0.615990400314331
0.528982102870941
0.552495419979095
0.553697884082794
0.704042196273804
0.614263713359833
0.63752818107605
0.64636892080307
0.652822315692902
0.239631846547127
0.604660272598267
0.425086498260498
0.511860370635986
0.51377546787262
0.571320116519928
0.419783562421799
0.436400532722473
0.612161815166473
0.555873572826385
0.564970731735229
0.528394401073456
0.518973767757416
0.606516063213348
0.60717099905014
0.60717099905014
0.634576201438904
0.651033163070679
0.696168899536133
0.573912799358368
0.678367912769318
0.494083285331726
0.433448404073715
0.297743320465088
0.524990439414978
0.792734861373901
0.235874146223068
0.270723819732666
0.553185045719147
0.589924156665802
0.586629152297974
0.536748349666595
0.592892408370972
0.528810560703278
0.588405013084412
0.439252287149429
0.448183089494705
0.490511834621429
0.545416235923767
0.649790287017822
0.511965990066528
0.566250026226044
0.554794728755951
0.294686198234558
0.367291152477264
0.677062332630157
0.514073312282562
0.107529900968075
0.551077842712402
0.343526631593704
0.504315853118896
0.580434739589691
0.541416525840759
0.151696175336838
0.591359615325928
0.487289756536484
0.537296652793884
0.52455872297287
0.531518340110779
0.519764482975006
0.564628779888153
0.56243908405304
0.732572793960571
0.619877696037292
0.645625948905945
0.19351515173912
0.616003751754761
0.605813145637512
0.466018855571747
0.488031983375549
0.287947118282318
0.35302460193634
0.582428693771362
0.480901420116425
0.5347700715065
0.573355078697205
0.478117018938065
0.587427973747253
0.545062899589539
0.512428343296051
0.540965676307678
0.511078000068665
0.510154664516449
0.635731279850006
0.60358053445816
0.430045157670975
0.672109186649323
0.674954354763031
0.478550493717194
0.532096862792969
0.547398686408997
0.612696349620819
0.485395222902298
0.596736788749695
0.407383769750595
0.374381273984909
0.671582698822021
0.595045626163483
0.536238253116608
0.319190800189972
0.494075685739517
0.51520699262619
0.512853264808655
0.525786101818085
0.453963249921799
0.509730875492096
0.479776501655579
0.416344463825226
0.51201856136322
0.59728729724884
0.603422999382019
0.313674688339233
0.51435923576355
0.49736475944519
0.652122616767883
0.571119725704193
0.371875643730164
0.609709978103638
0.389102250337601
0.337667047977448
0.610065579414368
0.565162301063538
0.636342287063599
0.501156091690063
0.628303825855255
0.491525560617447
0.536773920059204
0.536000072956085
0.551350951194763
0.562176585197449
0.561345338821411
0.581552565097809
0.656939506530762
0.569900393486023
0.548440277576447
0.360780209302902
0.439763069152832
0.39970988035202
0.492982089519501
0.487762808799744
0.511330604553223
0.695944726467133
0.505814671516418
0.479523539543152
0.535265862941742
0.611215472221375
0.584317982196808
0.580130159854889
0.522038817405701
0.46767994761467
0.501195549964905
0.331794381141663
0.522979974746704
0.474668562412262
0.456387996673584
0.53866970539093
0.35813245177269
0.493347018957138
0.509315490722656
0.31003075838089
0.657665193080902
0.491766065359116
0.713613390922546
0.314369678497314
0.592393457889557
0.614961445331573
0.476450026035309
0.628107905387878
0.457174450159073
0.484864383935928
0.508251905441284
0.520664155483246
0.555834233760834
0.536553740501404
0.482229769229889
0.404118746519089
0.454468190670013
0.46545273065567
0.608745574951172
0.674656987190247
0.372042238712311
0.394544452428818
0.666238725185394
0.453442603349686
0.574935615062714
0.491477370262146
0.64305317401886
0.548666179180145
0.499862313270569
0.467062711715698
0.554349422454834
0.499524801969528
0.481946736574173
0.571564614772797
0.493468195199966
0.444202452898026
0.485065400600433
0.473122268915176
0.463435888290405
0.377469509840012
0.521901309490204
0.593120217323303
0.537531018257141
0.612001776695251
0.469294369220734
0.630617141723633
0.593299806118011
0.462920814752579
0.341758251190186
0.563293635845184
0.343114197254181
0.299208700656891
0.521511733531952
0.349306493997574
0.59699934720993
0.526671230792999
0.472451597452164
0.513455510139465
0.488648861646652
0.531038820743561
0.487084954977036
0.425641000270844
0.549371838569641
0.275275081396103
0.468230098485947
0.515695333480835
0.613547682762146
0.563939929008484
0.355723679065704
